{
  "advancedEditorSelectedIdentifier" : "ShaderGraphEditorPluginID",
  "openSceneRelativePaths" : [
    "Scene.usda"
  ],
  "recentIdentifiers" : {
    "279C7017-A3A3-467C-968A-8F50344FC095" : [

    ],
    "362EE892-8B9F-4134-9EB7-165D27806178" : [

    ]
  },
  "sceneCameraHistory" : {
    "279C7017-A3A3-467C-968A-8F50344FC095" : [
      {
        "date" : 711958306.642259,
        "title" : "Untitled",
        "transform" : [
          0.40808779001235962,
          0,
          -0.91294258832931519,
          0,
          -0.20016765594482422,
          0.97566747665405273,
          -0.089475587010383606,
          0,
          0.89072829484939575,
          0.21925552189350128,
          0.39815807342529297,
          0,
          8.5890226364135742,
          1.9554352760314941,
          2.0048525333404541,
          1
        ]
      },
      {
        "date" : 711958301.82814598,
        "title" : "Untitled",
        "transform" : [
          0.53695785999298096,
          0,
          -0.84360891580581665,
          0,
          -0.39021280407905579,
          0.88659214973449707,
          -0.24837088584899902,
          0,
          0.74793714284896851,
          0.4625517725944519,
          0.47606274485588074,
          0,
          7.5354700088500977,
          4.1144704818725586,
          2.811100959777832,
          1
        ]
      },
      {
        "date" : 711958297.84583795,
        "title" : "Untitled",
        "transform" : [
          0.99999994039535522,
          0,
          0,
          0,
          0,
          0.70710676908493042,
          -0.70710670948028564,
          0,
          0,
          0.70710670948028564,
          0.70710676908493042,
          0,
          1.1666939258575439,
          4.3775348663330078,
          4.3684473037719727,
          1
        ]
      },
      {
        "date" : 711958295.459939,
        "title" : "Untitled",
        "transform" : [
          0.99999994039535522,
          0,
          0,
          0,
          0,
          0.70710676908493042,
          -0.70710670948028564,
          0,
          0,
          0.70710670948028564,
          0.70710676908493042,
          0,
          0.70928847789764404,
          4.1855134963989258,
          4.5604686737060547,
          1
        ]
      },
      {
        "date" : 711958129.58694398,
        "title" : "Untitled",
        "transform" : [
          0.99999994039535522,
          0,
          0,
          0,
          0,
          0.70710676908493042,
          -0.70710670948028564,
          0,
          0,
          0.70710670948028564,
          0.70710676908493042,
          0,
          1.2953294515609741,
          4.0743503570556641,
          4.6716318130493164,
          1
        ]
      },
      {
        "date" : 711957698.78914905,
        "title" : "Untitled",
        "transform" : [
          0.99999994039535522,
          0,
          0,
          0,
          0,
          0.70710676908493042,
          -0.70710670948028564,
          0,
          0,
          0.70710670948028564,
          0.70710676908493042,
          0,
          0,
          5.2115616798400879,
          5.2115621566772461,
          1
        ]
      },
      {
        "date" : 711957680.62209702,
        "title" : "Untitled",
        "transform" : [
          -0.10038532316684723,
          -1.1641532182693481e-10,
          0.99494856595993042,
          0,
          0.0089077334851026535,
          0.99995988607406616,
          0.00089874677360057831,
          0,
          -0.99490869045257568,
          0.0089529864490032196,
          -0.10038129985332489,
          0,
          -8.9535255432128906,
          0.98109126091003418,
          -3.3541107177734375,
          1
        ]
      },
      {
        "date" : 711957677.75591195,
        "title" : "Untitled",
        "transform" : [
          -0.10038532316684723,
          -1.1641532182693481e-10,
          0.99494856595993042,
          0,
          0.0089077334851026535,
          0.99995988607406616,
          0.00089874677360057831,
          0,
          -0.99490869045257568,
          0.0089529864490032196,
          -0.10038129985332489,
          0,
          -9.5098400115966797,
          1.1949374675750732,
          2.1787562370300293,
          1
        ]
      },
      {
        "date" : 711957365.46164298,
        "title" : "Untitled",
        "transform" : [
          -0.10038532316684723,
          -1.1641532182693481e-10,
          0.99494856595993042,
          0,
          0.0089077334851026535,
          0.99995988607406616,
          0.00089874677360057831,
          0,
          -0.99490869045257568,
          0.0089529864490032196,
          -0.10038129985332489,
          0,
          -9.1863040924072266,
          0.6388857364654541,
          -1.0775077342987061,
          1
        ]
      },
      {
        "date" : 711957353.005072,
        "title" : "Untitled",
        "transform" : [
          -0.10038532316684723,
          -1.1641532182693481e-10,
          0.99494856595993042,
          0,
          0.0089077334851026535,
          0.99995988607406616,
          0.00089874677360057831,
          0,
          -0.99490869045257568,
          0.0089529864490032196,
          -0.10038129985332489,
          0,
          -9.3682994842529297,
          -0.75122761726379395,
          0.60231733322143555,
          1
        ]
      }
    ],
    "362EE892-8B9F-4134-9EB7-165D27806178" : [
      {
        "date" : 712049037.95120704,
        "title" : "Untitled",
        "transform" : [
          0.14548292756080627,
          0,
          -0.9893607497215271,
          0,
          -0.07502109557390213,
          0.99712079763412476,
          -0.011031655594706535,
          0,
          0.98651218414306641,
          0.075827881693840027,
          0.1450640857219696,
          0,
          6.4252595901489258,
          0.49387463927268982,
          0.94481879472732544,
          1
        ]
      },
      {
        "date" : 712048780.30114806,
        "title" : "Untitled",
        "transform" : [
          0.0095492862164974213,
          -5.8207660913467407e-11,
          -0.99995434284210205,
          0,
          -0.092072494328022003,
          0.99575185775756836,
          -0.00087926367996260524,
          0,
          0.99570649862289429,
          0.092076726257801056,
          0.009508717805147171,
          0,
          6.4851436614990234,
          0.59970510005950928,
          0.061932135373353958,
          1
        ]
      },
      {
        "date" : 711968177.50773895,
        "title" : "Untitled",
        "transform" : [
          0.0095492862164974213,
          -5.8207660913467407e-11,
          -0.99995434284210205,
          0,
          -0.092072494328022003,
          0.99575185775756836,
          -0.00087926367996260524,
          0,
          0.99570649862289429,
          0.092076726257801056,
          0.009508717805147171,
          0,
          10.218348503112793,
          0.94492828845977783,
          0.097583673894405365,
          1
        ]
      },
      {
        "date" : 711960216.15419996,
        "title" : "Untitled",
        "transform" : [
          0.0095492862164974213,
          -5.8207660913467407e-11,
          -0.99995434284210205,
          0,
          -0.092072494328022003,
          0.99575185775756836,
          -0.00087926367996260524,
          0,
          0.99570643901824951,
          0.092076726257801056,
          0.009508717805147171,
          0,
          21.710006713867188,
          2.0076043605804443,
          0.20732726156711578,
          1
        ]
      },
      {
        "date" : 711960108.55566096,
        "title" : "Untitled",
        "transform" : [
          0.0073755979537963867,
          0,
          -0.9999726414680481,
          0,
          0.0080900723114609718,
          0.99996715784072876,
          5.9673911891877651e-05,
          0,
          0.99993985891342163,
          -0.0080902650952339172,
          0.0073753553442656994,
          0,
          21.802312850952148,
          -0.17639882862567902,
          0.16081225872039795,
          1
        ]
      },
      {
        "date" : 711960105.43911505,
        "title" : "Untitled",
        "transform" : [
          0.25728610157966614,
          0,
          -0.96633517742156982,
          0,
          -0.059302330017089844,
          0.99811506271362305,
          -0.015789203345775604,
          0,
          0.96451383829116821,
          0.061368301510810852,
          0.25680115818977356,
          0,
          21.02989387512207,
          1.3380491733551025,
          5.5991964340209961,
          1
        ]
      },
      {
        "date" : 711960092.98348105,
        "title" : "Untitled",
        "transform" : [
          0.99999994039535522,
          0,
          0,
          0,
          0,
          0.86602532863616943,
          -0.49999997019767761,
          0,
          0,
          0.49999997019767761,
          0.86602532863616943,
          0,
          3.8146956740092719e-06,
          10.901806831359863,
          18.882486343383789,
          1
        ]
      }
    ]
  },
  "selectedSceneRelativePath" : "Scene.usda"
}