{
  "advancedEditorSelectedIdentifier" : "ShaderGraphEditorPluginID",
  "openSceneRelativePaths" : [
    "Scene.usda"
  ],
  "recentIdentifiers" : {
    "362EE892-8B9F-4134-9EB7-165D27806178" : [

    ]
  },
  "sceneCameraHistory" : {
    "362EE892-8B9F-4134-9EB7-165D27806178" : [
      {
        "date" : 760160502.040107,
        "title" : "Untitled",
        "transform" : [
          0.99969506,
          -6.8886257e-09,
          -0.024693424,
          0,
          0.024678415,
          0.03489949,
          0.9990861,
          0,
          0.00086178293,
          -0.9993908,
          0.034888856,
          0,
          0.011824721,
          -13.711492,
          0.47867095,
          1
        ]
      },
      {
        "date" : 760160499.840546,
        "title" : "Untitled",
        "transform" : [
          0.8820599,
          1.7860476e-08,
          -0.47113734,
          0,
          0.34427264,
          0.6826702,
          0.6445446,
          0,
          0.32163143,
          -0.7307266,
          0.6021559,
          0,
          4.4127355,
          -10.025459,
          8.26149,
          1
        ]
      },
      {
        "date" : 760160493.071875,
        "title" : "Untitled",
        "transform" : [
          0.99413836,
          -5.234316e-09,
          -0.10811644,
          0,
          0.007827514,
          0.9973758,
          0.07197418,
          0,
          0.10783272,
          -0.072398566,
          0.9915295,
          0,
          1.4794497,
          -0.99329627,
          13.603635,
          1
        ]
      },
      {
        "date" : 760160359.910508,
        "title" : "Untitled",
        "transform" : [
          0.9975921,
          -9.186383e-09,
          -0.06935327,
          0,
          0.06931106,
          0.034899607,
          0.99698454,
          0,
          0.0024203921,
          -0.9993909,
          0.034815587,
          0,
          0.03320867,
          -13.711492,
          0.47766554,
          1
        ]
      },
      {
        "date" : 760160353.200927,
        "title" : "Untitled",
        "transform" : [
          0.9999792,
          0,
          -0.006454423,
          0,
          -0.0045639663,
          0.7071069,
          -0.70709205,
          0,
          0.004563967,
          0.70710677,
          0.70709217,
          0,
          0.06261693,
          9.701398,
          9.701197,
          1
        ]
      }
    ]
  },
  "sceneViewportBackgroundColors" : {

  }
}